pca - Principal component analysis, v2.0
Reading data from file: pca_input.dat
Data set: Budget de l Etat (Budget de l Etat)
Number of parameters:	11
Number of observations:	24

Variables:  	PVP	AGR	CMI	TRA	LOG	EDU	ACS	ACO	DEF	DET	DIV	
#1   1872    	18.000	 0.500	 0.100	 6.700	 0.500	 2.100	 2.000	 0.000	26.400	41.500	 2.100	
#2   1880    	14.100	 0.800	 0.100	15.300	 1.900	 3.700	 0.500	 0.000	29.800	31.300	 2.500	
#3   1890    	13.600	 0.700	 0.700	 6.800	 0.600	 7.100	 0.700	 0.000	33.800	34.400	 1.700	
#4   1900    	14.300	 1.700	 1.700	 6.900	 1.200	 7.400	 0.800	 0.000	37.700	26.200	 2.200	
#5   1903    	10.300	 1.500	 0.400	 9.300	 0.600	 8.500	 0.900	 0.000	38.400	27.200	 3.000	
#6   1906    	13.400	 1.400	 0.500	 8.100	 0.700	 8.600	 1.800	 0.000	38.500	25.300	 1.900	
#7   1909    	13.500	 1.100	 0.500	 9.000	 0.600	 9.000	 3.400	 0.000	36.800	23.500	 2.600	
#8   1912    	12.900	 1.400	 0.300	 9.400	 0.600	 9.300	 4.300	 0.000	41.100	19.400	 1.300	
#9   1920    	12.300	 0.300	 0.100	11.900	 2.400	 3.700	 1.700	 1.900	42.400	23.100	 0.200	
#10  1923    	 7.600	 1.200	 3.200	 5.100	 0.600	 5.600	 1.800	10.000	29.000	35.000	 0.900	
#11  1926    	10.500	 0.300	 0.400	 4.500	 1.800	 6.600	 2.100	10.100	19.900	41.600	 2.300	
#12  1929    	10.000	 0.600	 0.600	 9.000	 1.000	 8.100	 3.200	11.800	28.000	25.800	 2.000	
#13  1932    	10.600	 0.800	 0.300	 8.900	 3.000	10.000	 6.400	13.400	27.400	19.200	 0.000	
#14  1935    	 8.800	 2.600	 1.400	 7.800	 1.400	12.400	 6.200	11.300	29.300	18.500	 0.400	
#15  1938    	10.100	 1.100	 1.200	 5.900	 1.400	 9.500	 6.000	 5.900	40.700	18.200	 0.000	
#16  1947    	15.600	 1.600	10.000	11.400	 7.600	 8.800	 4.800	 3.400	32.200	 4.600	 0.000	
#17  1950    	11.200	 1.300	16.500	12.400	15.800	 8.100	 4.900	 3.400	20.700	 4.200	 1.500	
#18  1953    	12.900	 1.500	 7.000	 7.900	12.100	 8.100	 5.300	 3.900	36.100	 5.200	 0.000	
#19  1956    	10.900	 5.300	 9.700	 7.600	 9.600	 9.400	 8.500	 4.600	28.200	 6.200	 0.000	
#20  1959    	13.100	 4.400	 7.300	 5.700	 9.800	12.500	 8.000	 5.000	26.700	 7.500	 0.000	
#21  1962    	12.800	 4.700	 7.500	 6.600	 6.800	15.700	 9.700	 5.300	24.500	 6.400	 0.100	
#22  1965    	12.400	 4.300	 8.400	 9.100	 6.000	19.500	10.600	 4.700	19.800	 3.500	 1.800	
#23  1968    	11.400	 6.000	 9.500	 5.900	 5.000	21.100	10.700	 4.200	20.000	 4.400	 1.900	
#24  1971    	12.800	 2.800	 7.100	 8.500	 4.000	23.800	11.300	 3.700	18.800	 7.200	 0.000	

#-----------	PVP	AGR	CMI	TRA	LOG	EDU	ACS	ACO	DEF	DET	DIV	
# Mean:     	12.212	 1.996	 3.938	 8.321	 3.958	 9.942	 4.817	 4.275	30.258	19.142	 1.183	
# Std Dev:  	 2.191	 1.646	 4.483	 2.468	 4.182	 5.223	 3.409	 4.155	 7.310	12.194	 1.026	

#Correlations	PVP	AGR	CMI	TRA	LOG	EDU	ACS	ACO	DEF	DET	DIV	
# PVP       	 1.000	-0.085	-0.002	 0.233	 0.036	-0.150	-0.131	-0.687	 0.101	 0.034	 0.149	
# AGR       	-0.085	 1.000	 0.601	-0.276	 0.436	 0.731	 0.806	 0.044	-0.448	-0.695	-0.277	
# CMI       	-0.002	 0.601	 1.000	 0.092	 0.891	 0.468	 0.622	 0.023	-0.537	-0.804	-0.347	
# TRA       	 0.233	-0.276	 0.092	 1.000	 0.166	-0.213	-0.203	-0.313	 0.158	-0.148	 0.114	
# LOG       	 0.036	 0.436	 0.891	 0.166	 1.000	 0.232	 0.488	 0.045	-0.379	-0.758	-0.438	
# EDU       	-0.150	 0.731	 0.468	-0.213	 0.232	 1.000	 0.875	 0.157	-0.524	-0.670	-0.249	
# ACS       	-0.131	 0.806	 0.622	-0.203	 0.488	 0.875	 1.000	 0.288	-0.567	-0.808	-0.530	
# ACO       	-0.687	 0.044	 0.023	-0.313	 0.045	 0.157	 0.288	 1.000	-0.417	-0.049	-0.377	
# DEF       	 0.101	-0.448	-0.537	 0.158	-0.379	-0.524	-0.567	-0.417	 1.000	 0.262	 0.020	
# DET       	 0.034	-0.695	-0.804	-0.148	-0.758	-0.670	-0.808	-0.049	 0.262	 1.000	 0.554	
# DIV       	 0.149	-0.277	-0.347	 0.114	-0.438	-0.249	-0.530	-0.377	 0.020	 0.554	 1.000	

#---- PCA ---	PC1  	PC2  	PC3  	PC4  	PC5  	PC6  	PC7  	PC8  	PC9  	PC10 	PC11 	
# Eigenvalues:	 4.973	 2.050	 1.290	 0.993	 0.708	 0.559	 0.204	 0.125	 0.062	 0.035	 0.000	
# Inertia:	 45%	 18%	 11%	  9%	  6%	  5%	  1%	  1%	  0%	  0%	  0%	
# Cum. inertia:	 45%	 63%	 75%	 84%	 91%	 96%	 97%	 99%	 99%	 99%	100%	

#---- Eigenvectors ----	
PC1		 0.078	 0.517	 0.301	 0.108	 0.404	 0.538	 0.062	 0.332	 0.194	 0.070	 0.124	
PC2		-0.367	 0.004	 0.323	 0.154	-0.039	-0.293	 0.770	-0.013	 0.090	 0.202	 0.091	
PC3		-0.374	 0.238	-0.124	-0.259	 0.180	-0.261	-0.202	-0.245	 0.618	-0.269	 0.256	
PC4		 0.062	 0.440	-0.331	-0.282	-0.650	 0.291	 0.275	-0.100	-0.000	 0.028	 0.140	
PC5		-0.324	 0.278	-0.339	-0.209	 0.312	-0.235	-0.081	 0.213	-0.561	 0.291	 0.236	
PC6		-0.353	-0.095	 0.374	 0.116	-0.378	 0.151	-0.474	-0.069	 0.028	 0.482	 0.291	
PC7		-0.418	-0.070	 0.146	 0.151	-0.124	 0.232	 0.002	 0.090	-0.362	-0.726	 0.201	
PC8		-0.130	-0.564	-0.330	-0.203	 0.014	 0.262	 0.145	 0.527	 0.291	 0.087	 0.234	
PC9		 0.275	 0.151	-0.229	 0.639	-0.183	-0.349	-0.083	 0.295	 0.121	-0.076	 0.414	
PC10		 0.399	-0.211	 0.142	-0.180	 0.209	 0.080	 0.141	-0.410	-0.159	-0.008	 0.693	
PC11		 0.246	 0.078	 0.472	-0.506	-0.219	-0.377	-0.090	 0.477	-0.026	-0.155	 0.057	

#--- Principal Components -------
    axes     	PC1  	PC2  	PC3  	PC4  	PC5  	PC6  	PC7  	PC8  	PC9  	PC10 	PC11 	
1872    	 2.901	 1.024	 1.565	-0.486	 2.056	 1.220	 0.306	-0.008	-0.053	-0.353	-0.001	
1880    	 2.767	 2.012	-0.170	-1.484	-1.236	 0.713	 0.930	-0.271	-0.225	 0.132	-0.001	
1890    	 2.416	 0.224	 0.766	 0.267	 0.710	-0.122	-0.328	-0.457	 0.026	 0.229	 0.002	
1900    	 2.057	 0.755	 1.007	 0.523	 0.504	-0.617	-0.096	 0.278	 0.349	 0.253	-0.001	
1903    	 2.338	 0.167	 0.623	-0.182	-1.212	-1.453	-0.131	-0.028	-0.142	 0.115	-0.002	
1906    	 1.985	 0.626	 0.692	 0.710	-0.151	-0.376	-0.166	 0.069	 0.087	 0.173	 0.006	
1909    	 1.907	 0.812	 0.987	 0.201	-0.595	-0.253	-0.299	 0.400	-0.097	-0.248	-0.002	
1912    	 1.431	 0.768	 0.194	 1.290	-0.781	-0.080	-0.131	 0.028	-0.098	-0.223	-0.001	
1920    	 2.139	 0.956	-1.747	 1.063	-0.626	 0.321	 0.288	-0.390	-0.100	 0.016	 0.001	
1923    	 1.143	-2.884	-0.866	-0.438	 0.542	-0.841	 0.051	-0.706	 0.375	-0.063	-0.003	
1926    	 1.674	-2.611	 0.499	-1.762	 1.193	 0.076	-0.282	 0.048	-0.255	 0.072	 0.002	
1929    	 1.173	-1.831	-0.610	-1.156	-0.695	 0.309	 0.028	 0.681	 0.209	-0.012	 0.000	
1932    	-0.271	-1.959	-1.462	-0.040	-0.345	 1.408	 0.092	 0.422	-0.128	 0.028	-0.001	
1935    	-0.659	-2.296	-0.663	 0.308	-0.824	 0.222	 0.386	 0.021	 0.094	 0.142	 0.001	
1938    	 0.402	-1.343	-0.850	 1.848	-0.063	-0.242	-0.504	-0.051	-0.070	-0.406	 0.001	
1947    	-1.081	 2.251	-1.276	 0.231	 0.373	 0.865	-0.103	 0.168	 0.812	 0.032	-0.000	
1950    	-2.373	 2.175	-1.917	-2.663	 0.187	-0.901	-0.650	-0.214	-0.035	-0.148	 0.001	
1953    	-1.204	 1.134	-1.662	 0.752	 0.962	-0.408	-0.524	 0.517	-0.415	 0.185	-0.001	
1956    	-2.928	 0.231	-0.590	 0.444	 0.511	-0.945	 1.099	-0.275	-0.105	-0.217	 0.001	
1959    	-2.686	 0.140	 0.071	 0.690	 1.212	-0.179	 0.397	 0.176	-0.260	 0.294	-0.003	
1962    	-3.055	-0.111	 0.586	 0.646	 0.419	 0.245	 0.403	-0.037	-0.008	 0.059	 0.003	
1965    	-3.143	 0.311	 1.412	-0.763	-0.931	 0.221	-0.037	 0.311	-0.035	-0.144	 0.002	
1968    	-3.696	-0.467	 2.297	-0.281	-0.476	-0.732	 0.180	 0.107	 0.207	-0.041	-0.001	
1971    	-3.239	-0.086	 1.114	 0.282	-0.733	 1.546	-0.910	-0.791	-0.133	 0.124	-0.002	

#--- Correlations Circle -------
PVP     	 0.174	 0.740	 0.341	 0.108	 0.340	 0.402	 0.028	 0.118	 0.048	 0.013	 0.000	
AGR     	-0.819	 0.006	 0.366	 0.154	-0.033	-0.219	 0.348	-0.004	 0.022	 0.038	 0.000	
CMI     	-0.834	 0.340	-0.141	-0.258	 0.151	-0.195	-0.091	-0.087	 0.154	-0.050	 0.001	
TRA     	 0.137	 0.631	-0.376	-0.281	-0.547	 0.218	 0.124	-0.035	-0.000	 0.005	 0.000	
LOG     	-0.722	 0.398	-0.385	-0.208	 0.263	-0.176	-0.037	 0.076	-0.140	 0.054	 0.000	
EDU     	-0.787	-0.137	 0.425	 0.116	-0.318	 0.113	-0.214	-0.024	 0.007	 0.090	 0.001	
ACS     	-0.933	-0.100	 0.166	 0.151	-0.104	 0.174	 0.001	 0.032	-0.090	-0.136	 0.000	
ACO     	-0.289	-0.808	-0.375	-0.202	 0.012	 0.196	 0.066	 0.187	 0.073	 0.016	 0.000	
DEF     	 0.612	 0.216	-0.260	 0.637	-0.154	-0.261	-0.037	 0.104	 0.030	-0.014	 0.001	
DET     	 0.889	-0.301	 0.161	-0.179	 0.176	 0.060	 0.064	-0.145	-0.039	-0.001	 0.001	
DIV     	 0.548	 0.112	 0.537	-0.505	-0.184	-0.282	-0.041	 0.169	-0.006	-0.029	 0.000	


